16170
58837
101504
144171
186838
229505
272172
314839
357506
400173
442840
485507
528174
570841
613508
656175
698842
741509
784176
826843
869510
912177
954844
997511
1040178
1082845
1125512
1168179
1210846
1253513
1296180
1338847
1381514
1424181
1466848
1509515
1552182
1594849
1637516
1680183
1722850
1765517
1808184
1850851
1893518
1936185
1978852
2021519
2064186
2106853
2149520
2192187
2234854
2277521
2320188
2362855
2405522
2448189
2490856
2533523
2576190
2618857
2661524
2704191
2746858
2789525
2832192
2874859
2917526
2960193
3002860
3045527
3088194
3130861
3173528
3216195
3258862
3301529
3344196
3386863
3429530
3472197
3514864
3557531
3600198
3642865
3685532
3728199
3770866
3813533
3856200
3898867
3941534
3984201
4026868
4069535
4112202
4154869
4197536
4240203
4282870
4325537
4368204
4410871
4453538
4496205
4538872
4581539
4624206
4666873
4709540
4752207
4794874
4837541
4880208
4922875
4965542
5008209
5050876
5093543
5136210
5178877
5221544
5264211
5306878
5349545
5392212
5434879
5477546
5520213
5562880
5605547
5648214
5690881
5733548
5776215
5818882
5861549
5904216
5946883
5989550
6032217
6074884
6117551
6160218
6202885
6245552
6288219
6330886
6373553
6416220
6458887
6501554
6544221
6586888
6629555
6672222
6714889
6757556
6800223
6842890
6885557
6928224
6970891
7013558
7056225
7098892
7141559
7184226
7226893
7269560
7312227
7354894
7397561
7440228
7482895
7525562
7568229
7610896
7653563
7696230
7738897
7781564
7824231
7866898
7909565
7952232
7994899
8037566
8080233
8122900
8165567
8208234
8250901
8293568
8336235
8378902
8421569
8464236
8506903
8549570
8592237
8634904
8677571
8720238
8762905
8805572
8848239
8890906
8933573
8976240
9018907
9061574
9104241
9146908
9189575
9232242
9274909
9317576
9360243
9402910
9445577
9488244
9530911
9573578
9616245
9658912
9701579
9744246
9786913
9829580
9872247
9914914
9957581
